6.582387046826196411e+02
2.846414837183703526e+02
9.865385387648363746e+01
2.219054952205490281e+02
4.265291784891406337e+02
1.887293607818040527e+03
8.753797550323506584e+02
5.670574962350174246e+02
1.126534271774480942e+02
2.197814063941328868e+02
7.318282753723512997e+02
3.305809726468776830e+02
5.776530004159754981e+02
4.645618445888039787e+02
6.542559705563487569e+02
1.415156112957999767e+03
1.196828664599544481e+03
1.307167316940785668e+03
1.657570312814112413e+03
4.972386878434751907e+02
8.503284434973878660e+02
1.110101194140047483e+03
4.643994307100053902e+02
2.645966506191007852e+02
8.962498609856245366e+02
1.260600919738195216e+03
9.879214782611947854e+00
1.540662635198274302e+02
3.206895653440598721e+02
6.292179371147212805e+02
2.130718426626621294e+03
1.789592699026961100e+03
5.787978159251281340e+02
9.010662857889958559e+02
1.069439072001372779e+03
5.655213709850908117e+02
9.637130048646044500e+00
9.544216990288714442e+02
2.611830267120776057e+02
6.766028392026342999e+02
5.250276378089218952e+02
4.838358581685135960e+02
1.506546759869725918e+02
2.823525819831385775e+02
1.447241307920822067e+02
4.408566951724046703e+02
5.129050968791510741e+02
6.275020325880857897e+00
6.897542109077706982e+02
9.063205073376883547e+02
9.528220891587237418e+01
1.275557677166021904e+03
4.322528266376787087e+02
9.534358792431571601e+02
1.450968084227589998e+03
3.507880642294380777e+03
3.932067013160760780e+03
7.425855626538517384e+00
1.229898304726809215e+02
1.454460334161465653e+03
1.517018099087225664e+03
1.007836573108319733e+01
1.202839111710234619e+02
1.087678805658875945e+03
6.377989668571492530e+02
9.971910762430377417e+02
5.655601242172593857e+02
6.008116090074852309e+02
5.348449485115857271e+01
2.304627723919006996e+02
2.439098762426348230e+02
3.619007760390821318e+02
3.488012258834603472e+02
1.864710711669771683e+02
1.663516695185594756e+02
9.538539288212321310e+01
3.449241614996816452e+02
1.749971965062272830e+03
1.920636801513925775e+03
9.099393761541933827e+02
1.468491590045734938e+03
1.453701838316317890e+03
1.440007375015188451e+01
1.554171609033282095e+02
1.125581890855781921e+03
1.121111012762632527e+03
2.334142638090105493e+01
6.034279374993149759e+03
9.321381490357951805e+01
9.097341319162217133e+02
7.304351081378554511e+01
5.719727656515993658e+03
6.097169249241586840e+03
4.248800239327651980e+03
7.494822875372281601e+01
2.191290827262066330e+02
2.772739404804646028e+02
6.061649027883906911e+02
5.397603787487499858e+02
1.143787633151614784e+02
1.115194614713962551e+02
7.755707342945750042e+02
6.713576138755525790e+03
7.215739288862452668e+03
2.200809806817428125e+03
3.990359274492112036e+03
5.889380943719103016e+03
1.234923759596361378e+04
2.317061687754217587e+02
9.699246424670250235e+02
2.317264231195077073e+01
1.553260002965734566e+04
4.495757503293317541e+02
4.448743094790333430e+02
4.259376766996491597e+02
2.632325787570580360e+02
4.746511697349375254e+02
7.277377549788492388e+02
3.929198346486489754e+03
8.785689015610036279e+01
4.475046370360730918e+01
8.242447780399520525e+02
6.577551779518746571e+02
1.956789170779340566e+03
4.061156514941081355e+02
2.123190790003304755e+03
1.540338367729147251e+02
6.948976060053606716e+02
3.944114378346867511e+02
1.661870329124556278e+01
1.337555959813966410e+03
8.508624629491051792e+02
9.726350440847511436e+02
5.313585271236307790e+02
1.119061684623296316e+01
2.867621965125713146e+01
1.098888747189931969e+01
1.427257729469543612e+01
9.162436077181779183e+03
1.780627691156092988e+04
1.472921895193779918e+01
1.166782280470995147e+03
3.295610237286804022e+03
1.623023633689206690e+03
2.175419456076185270e+03
7.105833688342964649e+01
1.006187314325848448e+01
3.049818820237406669e+01
3.924515986930884083e+03
5.434828456938479576e+03
7.269866490004619664e+03
1.534421396497237765e+04
1.958519146842467671e+04
5.138878888334005023e+04
8.105243377561453599e+03
8.630970607710180047e+03
9.842754626197388745e+01
1.023943670285669782e+03
8.183231778939788370e+00
6.536163594056661807e+00
1.279737217042739061e+01
1.773208280315963520e+03
3.349539337927314591e+03
3.267539314393338827e+02
1.361672780235659502e+03
1.667528393544346727e+03
1.280786590174552884e+03
4.667776443947833513e+02
1.229734342669790749e+03
4.349253826939586247e+02
3.954266808445812558e+02
1.380522756247078178e+02
1.691622642639760699e+01
8.503058114627121356e+00
6.258614028958128301e+02
5.292892777847369246e+01
9.209106771325603802e+01
1.075673145598388345e+02
5.269433245137490758e+02
3.685805324702347434e+02
1.340733413645188875e+03
2.735083841061822341e+02
4.513465596227632659e+02
5.724235397704865136e+02
1.981302914417155137e+02
5.672937017967574036e+01
7.145274367209500497e+02
6.181710200382838138e+02
3.006439163168878395e+02
1.186823014442554403e+01
1.565888972325128314e+01
5.321803585209779612e+02
3.991817203727330252e+02
9.930776212836779848e+01
5.089714715590948657e+01
1.375738622987892995e+04
6.161951352233748366e+03
8.758602261249748153e+02
4.943464626442529379e+02
1.755734694073506716e+02
9.532924003257726326e+02
3.095243107050724234e+02
2.368276801395041886e+01
1.208838243087558197e+02
7.459240349381528290e+01
1.474825294568303491e+02
2.990985131071428214e+02
1.153651843552644323e+02
2.881332388637152349e+02
1.670661222504409693e+02
1.164937112054172758e+03
1.855880740861982531e+03
2.195712968328958141e+03
3.547118323712726124e+03
1.428466743995614252e+03
1.903039855484169266e+03
3.214304128712092734e+03
1.603618772538185794e+03
1.776042179987385316e+04
3.699407036682637681e+03
1.049193664662074480e+04
3.924948228435624515e+03
1.508158293612165380e+03
4.802150652097492639e+03
1.296874374209158532e+03
9.586545076434966859e+02
4.101070669630885277e+03
8.059636898024943719e+01
6.912732922194314256e+01
3.070278754292654412e+04
3.581060397940662369e+03
2.043250261127980048e+04
5.764391471325894599e+03
2.124149920224910602e+03
1.111186278805296581e+02
1.638464602198167483e+02
1.595391160648491496e+04
1.280608908449077603e+02
1.086608957901682152e+04
6.176028694088209932e+02
5.786906644508821955e+02
1.290342883433389579e+04
2.295392111455848408e+03
1.092217833718348402e+03
1.515519103897438072e+03
2.628048406276656806e+03
2.943709273880660362e+02
3.029575059599253564e+02
2.974471050141194428e+04
5.844311878811711836e+01
4.058059081947292839e+02
3.220731132201876790e+02
4.293147404528401694e+02
6.785436359420289136e+02
5.944977182596348939e+02
8.251675662717407249e+03
7.155275727430695270e+02
9.511042787305383399e+02
2.297437375400440487e+03
4.160047892806423079e+03
1.219618782379116965e+03
7.991146298755727457e+02
1.549601687823012526e+02
7.861259606960386748e+01
3.148926147361351582e+02
2.476621401007200234e+02
2.899104842256976440e+02
5.683414281295812316e+02
5.891164757911033121e+02
3.413027807074863063e+02
4.029017543789566389e+02
7.997001803140878451e+01
4.427522969876983439e+01
1.869070073898544422e+02
2.172448321476749413e+02
5.849723860300997558e+02
3.935786581669522661e+02
2.353704446312002574e+02
4.352923391727749163e+02
3.299858068750922939e+02
1.314463208369847280e+03
1.881839026085716569e+02
2.574663830147989643e+02
2.395750676412596931e+02
2.619983117907474366e+02
1.249763783646470756e+03
1.293353365844930522e+03
1.248255210050250753e+03
4.639237937581920050e+02
1.794510634948290772e+03
8.306119588752931122e+02
7.867663391493528025e+01
5.501575123725100411e+02
8.255519297989634424e+02
8.603372243380127316e+01
2.261399227706868260e+03
2.361652765913855183e+04
1.126569578946283218e+04
1.452559130508734370e+03
4.210836237556696688e+03
2.205938120588112724e+03
3.446531239178084888e+03
1.377546721676352718e+03
1.235334995435586507e+03
4.986334125979981764e+03
1.331955706463543493e+03
2.595200206002106825e+03
1.517981740933077845e+03
2.927700961077057400e+03
4.501884153145140772e+03
1.107543060782071734e+03
1.763050495929989893e+03
2.088018681934917367e+03
4.037031235452519013e+03
2.883190572979686749e+03
2.647521598140883725e+03
1.234881900777283590e+03
2.930314129378188227e+03
8.998257833172439859e+03
1.900321023857370164e+04
7.224369477043222105e+03
7.576978578169081629e+03
6.531717252145845123e+02
2.679192259897170629e+02
5.365057615291649427e+02
1.350524929595433377e+03
7.527006468638486467e+02
7.864480894268193651e+02
8.440989481275332764e+02
5.080458908710059518e+02
5.968961977451883740e+02
6.299369419308770830e+02
3.070432809249408024e+02
4.789423052710847060e+02
6.203228008776779916e+02
1.603031659983409099e+03
2.319892566461260685e+03
1.636305886480756953e+03
1.101855840907727043e+03
3.631250417108265651e+02
5.625844174186674991e+02
5.646558840529141889e+02
1.540112014032565412e+03
4.950882245669502595e+02
6.662015537854663307e+02
1.773667973474162864e+03
